0200000000000000
0200060000000000
0200000000000000
0200060000000000
0200000000000000
0200000000000000
02000c0000000000
0200000000000000
0200000000000000
02002f0000000000
0200000000000000
0200000000000000
02000e0000000000
0200000000000000
0200080000000000
0200000000000000
0200000000000000
02001c0000000000
0200000000000000
0200050000000000
0200000000000000
0200000000000000
0200120000000000
0200000000000000
0200000000000000
0200150000000000
0200000000000000
0200070000000000
0200000000000000
0200000000000000
02002d0000000000
0200000000000000
0200000000000000
02002d0000000000
0200000000000000
0200150000000000
0200000000000000
02000f0000000000
00002a0000000000
0200000000000000
0200180000000000
0200000000000000
0200000000000000
02000f0000000000
0200000000000000
0200170000000000
0200171c00000000
02001c0000000000
02001c1800000000
0200180000000000
0200000000000000
0200000000000000
0200080000000000
0200000000000000
0200000000000000
0200160000000000
0200000000000000
0200300000000000
