0200000000000000
0200060000000000
0200000000000000
0200060000000000
0200000000000000
0000000000000000
0000110000000000
0000000000000000
0000070000000000
0000071600000000
0000160000000000
0000160900000000
0000090000000000
00000b0000000000
0000000000000000
0200000000000000
02000c0000000000
0200000000000000
0000000000000000
0000160000000000
0000160700000000
0000070900000000
0000090000000000
0000091600000000
0000160000000000
0000000000000000
0000050000000000
0000000000000000
00000f0000000000
0000000000000000
0000390000000000
0000000000000000
0000170000000000
0000000000000000
0000390000000000
0000000000000000
0000390000000000
0000000000000000
0200000000000000
02002f0000000000
0200000000000000
0000000000000000
0000390000000000
0000000000000000
0000070000000000
0000070900000000
0000090000000000
0000000000000000
0000180000000000
0000000000000000
0000080000000000
0000000000000000
00000a0000000000
0000000000000000
0000080000000000
0000000000000000
0200000000000000
02000e0000000000
0000000000000000
0000070000000000
0000000000000000
00000a0000000000
0000000000000000
0000110000000000
0000000000000000
0000160000000000
0000000000000000
0200000000000000
0200080000000000
0200000000000000
0000000000000000
00000b0000000000
0000000000000000
0000110000000000
0000000000000000
0200000000000000
02001c0000000000
00001c0000000000
0000000000000000
0000070000000000
0000000000000000
0000090000000000
0000000000000000
0000070000000000
0000090000000000
0000000000000000
0000070000000000
0000090000000000
0000070000000000
0000090000000000
0000000000000000
0000120000000000
0000000000000000
0000080000000000
0000000000000000
0000170000000000
0000150d08000000
00000d1200000000
00000d120c000000
00000d0000000000
0000000000000000
0200000000000000
0200050000000000
0200000000000000
0000000000000000
0000120000000000
0000000000000000
0000160000000000
0000160700000000
0000070000000000
0000070900000000
0000090000000000
0000000000000000
0000150000000000
0000000000000000
0200000000000000
0200120000000000
0000000000000000
0000050000000000
0000051700000000
0000170000000000
0000171c00000000
00001c0000000000
00001c0d00000000
00000d0000000000
0000000000000000
0200000000000000
0000000000000000
0000110000000000
0000110c00000000
00000c0000000000
00001c0000000000
0000000000000000
0000170000000000
0000000000000000
0200000000000000
0200150000000000
0000000000000000
00000c0000000000
00000c0d00000000
00000d0000000000
0000120000000000
0000000000000000
0000330f00000000
0000000000000000
0200000000000000
0200070000000000
0200000000000000
0000000000000000
0200000000000000
02002d0000000000
0200000000000000
0000000000000000
0000390000000000
0000000000000000
0000060000000000
0000000000000000
0000040000000000
0000000000000000
0000130000000000
0000000000000000
0000160000000000
0000000000000000
0000390000000000
0000000000000000
0200000000000000
02002d0000000000
0000000000000000
0000340000000000
0000000000000000
0000330000000000
0000000000000000
00002f0000000000
0000000000000000
00002f0000000000
0000000000000000
0000330000000000
0000333400000000
0000340000000000
0000370000000000
0000000000000000
0000090000000000
00000a0000000000
0000000000000000
0000080000000000
0000000000000000
0000080000000000
0000000000000000
0000010101010101
0000000000000000
0000150000000000
0000000000000000
0000080000000000
0000000000000000
0000150000000000
0000151700000000
0000170000000000
0000000000000000
0200000000000000
0200150000000000
0000150000000000
0000000000000000
0000071600000000
0000160000000000
0000000000000000
0000090000000000
0000000000000000
0000070000000000
00000b0000000000
0000000000000000
0000180000000000
0000000000000000
0200000000000000
02000f0000000000
0000000000000000
00002a0000000000
0000000000000000
0200000000000000
0200180000000000
0200000000000000
0000000000000000
0000160000000000
0000160700000000
0000070000000000
0000000000000000
0000090000000000
0000090800000000
0000080000000000
0000081500000000
0000000000000000
0200000000000000
02000f0000000000
0000000000000000
0000070000000000
0000070900000000
0000090000000000
0000000000000000
0000160000000000
0000000000000000
00000b0000000000
00000b1700000000
0000170000000000
0000000000000000
0200000000000000
0200170000000000
0200171c00000000
02001c0000000000
02001c1800000000
0200180000000000
0200000000000000
0000000000000000
00002a0000000000
0000000000000000
00002a0000000000
0000000000000000
00002a0000000000
0000000000000000
0200000000000000
0200080000000000
0200000000000000
0000000000000000
0200000000000000
0200160000000000
0000000000000000
0200000000000000
0200300000000000
0000000000000000
